56 [0, 228, 231, 321, 357, 414, 436]
43 [1, 92, 104, 184, 247, 271, 343, 368, 390]
61 [2, 33, 155, 168, 192, 254, 379, 441, 443, 470, 486]
55 [3, 142, 327, 378]
34 [4, 8, 12, 34, 213, 328, 352, 382, 398, 429, 458]
38 [5, 79, 93, 98, 242, 393, 479]
48 [6, 55, 132, 154, 189, 227, 229, 346, 471]
47 [7, 112, 125, 143, 163, 250, 260, 273, 329, 420, 423, 425, 484]
26 [9, 32, 35, 158, 199, 256, 261, 267, 340, 404, 432, 493]
60 [10, 72, 107, 201, 259, 262, 318, 326, 333, 361, 392, 401, 451, 474, 485]
28 [11, 51, 59, 68, 95, 109, 121, 127, 129, 131, 137, 161, 162, 320, 365, 453, 478, 482]
15 [13, 14, 135, 166, 170, 238, 269, 325, 376, 405, 454]
21 [15, 27, 65, 88, 156, 171, 187, 220, 246, 349, 428, 430, 498, 499]
65 [16, 63, 71, 73, 145, 146, 204, 375, 391, 447, 460]
59 [17, 39, 48, 174, 177, 197, 211, 234, 324, 336, 385, 431, 438, 494]
54 [18, 54, 81, 87, 115, 210, 230, 276, 339, 448, 465, 492]
42 [19, 37, 75, 149, 183, 188, 253, 445]
50 [20, 30, 194, 274, 278, 322, 481]
22 [21, 62, 86, 139, 180, 215, 331, 387, 442]
39 [22, 44, 52, 120, 148, 150, 243, 277, 313, 323, 396, 446, 483]
25 [23, 25, 58, 138, 236, 285, 330, 426, 437]
63 [24, 26, 41, 108, 124, 297, 306, 332, 355, 369, 397, 444]
27 [28, 50, 106, 110, 178, 193, 316, 350, 356, 367]
18 [29, 36, 40, 64, 160, 202, 301, 303, 341, 344, 371, 373, 410, 411]
30 [31, 105, 203, 219, 226, 233, 252, 294, 334, 335, 347, 496]
29 [38, 61, 91, 293, 319, 342, 380, 462, 489]
52 [42, 114, 123, 298, 315, 388, 415, 475]
19 [43, 90, 99, 191, 240, 270, 362]
37 [45, 159, 249, 255, 263, 284, 286, 409, 439, 449, 477]
32 [46, 117, 144, 195, 459, 487, 490]
64 [47, 102, 118, 257, 265, 280, 363, 418, 488]
33 [49, 167, 248, 345, 348, 358, 384, 463]
46 [53, 57, 116, 122, 147, 287, 300, 309, 424, 434, 456, 461]
44 [56, 70, 239, 275, 354, 402, 403]
36 [60, 198, 206, 268, 389, 395, 400, 406, 422]
49 [66, 126, 157, 176, 241, 245, 295, 312, 364, 421, 433, 452, 466, 473]
62 [67, 133, 141, 190, 200, 217, 308, 372]
41 [69, 209, 290, 305, 353, 408, 417, 480]
53 [74, 76, 83, 96, 186, 251, 272, 296, 299, 360, 455]
45 [77, 89, 100, 136, 153, 164, 169, 179, 258, 279, 281, 386, 394, 450, 472]
51 [78, 224, 288, 291, 311, 317, 435, 464]
16 [80, 94, 97, 165, 173, 221, 244, 304, 338, 366]
40 [82, 111, 208, 212, 337, 419]
23 [84, 119, 175, 185, 222, 283, 351, 457]
58 [85, 140, 172, 181, 235, 266, 292, 381, 383]
57 [101, 128, 151, 182, 196, 216, 289, 440, 497]
31 [103, 205, 214, 223, 237, 282, 310, 314, 359, 413]
35 [113, 134, 207, 225, 232, 302, 370]
20 [130, 152, 218, 374, 407, 416, 476, 491, 495]
17 [264, 377, 412]
24 [307, 399, 427, 467, 468, 469]
